400
404
406
409
411
414
416
419
422
424
427
429
432
434
437
439
442
444
447
449
452
455
457
460
462
464
467
469
472
474
477
479
482
484
487
489
492
494
496
499
501
504
506
508
511
513
516
518
520
523
525
528
530
532
535
537
539
542
544
546
548
551
553
555
558
560
562
565
567
569
571
574
576
578
580
582
585
587
589
591
594
596
598
600
602
604
607
609
611
613
615
617
619
622
624
626
628
630
632
634
636
638
640
642
644
647
649
651
653
655
657
659
661
663
665
667
669
671
673
674
676
678
680
682
684
686
688
690
692
694
696
697
699
701
703
705
707
709
710
712
714
716
718
720
721
723
725
727
728
730
732
734
735
737
739
741
742
744
746
747
749
751
753
754
756
758
759
761
763
764
766
767
769
771
772
774
775
777
779
780
782
783
785
786
788
790
791
793
794
796
797
799
800